1047 4545374.77249
1470 1801
387 1818 1473 1129 1940 177 836 1264 1352
1692 1933
644 1803 1471 1316
1760 899 1106 1454 1148 1663
1334 963 1402 202 766
53 1097 561 1732 1189 1949
833 1095 1720 725 47 1364
615 1013 910 1464
1516 1171
1897 1579 1102
120 328 1282 1367
552 1832 1743
1353 1573
1861 1665 891 1546 1415 1297
1956 1662 1071 129
1222 782 669
1690 1136 1132 557
162 544 1389 1054
1876 804 117 1064
591 1959 579 606
1913 584 1538
1523 1749
1087 216 1813
26 1416
1585 393
773 1008 1576
690 938 759 420
562 1285 970
1068 308 1468 1919
1430 1219 237
990 797 203
260 1967 1910
1689 1647 102 1547
1597 197 1133
13 37 1408
1776 1810 798
1862 984 1324
95 538 929
1351 1618
1867 713 922
200 1643 551
1916 1590
1950 77
642 1229 88
1625 1634 418
1151 1359 745
992 1076 1765
257 241 689
1082 34 989
1130 435 943
1541 827 748
1057 787 1496
1669 903 1217
1535 1709 814
1455 1559
1666 1093
215 1821
1587 1491
1866 1991
923 735
1863 666 1885
1505 1527 1503
307 80 1586
846 794 450
1399 1708 968
263 885 1543
1997 1051 790
388 1294 1775
243 1178 1462
381 1826 12
864 1374 1401
1034 1686 1050
1140 1153
610 1564
620 840
1517 408
1421 991
1158 417 86
647 1729 356 9
475 848 2000
424 967
1494 1923 564
628
473 467 573
1735 1382 362
74 1043
800 96 933
39 1466 83
231 1570
390 1265 1319
293 1440 988
1452 8
1575 1680
744 1571
1271 1723 1272
1737 1166 841 51
834 1809
31 1510
1746 950 1342
40 1660 1216
1325 980
640 1532
1712 510 1657
55 708
612 909
1482 1022
811 1790 875
734 426
71 166 1664
1085 1603 1495
626 1375 1456
1761 1215 250
1441 1289 300
820 715
1542 1683
719 949
1976 1420 720
882 103 768
668 982 516
111 1528
290 398 1896
254 1234
1213 1850 1642
1711 849 1298
1881 1716 1224
1747 1773 48
1759 476
106 873 1103 1125
609 21
199 1627 907
44 710
107 1839 1323 1530
375 1679
425 1764
1955 1484
281 1943 296
1306 255
621 736
169 830 1823
353
463 1403
43 75
1840 1915 344
770 605
490 1772
442 1855
1935 563
1108 1032
384 1066 631
1355 1707 533
340 427
1847 1604 1390
1841 937
140
1252 1417
753 839
1980 385
266 868 150
4
479 897
397 1279
602 1061 1880
176 1828
687 410 741
92 481 582
1874 1084
838 518 1058
7 158 1534
1894
402
336 1398
842 1792
273
1931 1904
877 1694
395 1833 1626
1340 29
874 1895
464 407
1607 1648
444 465 477
931 1381 304
1661 488 1442
1014 1094
1650 73
1128 777
1179 78 1096
1233 852
1172 1273
1244 1088
1982 1529
692 1645
219 574
576 722
779 438 1595
1100 1658
1652 368
866 170
1101 338
1668 1154
286 364
1596 520
1259 1794
42 493
1941 757 1226
383 906
630 888
1105 1687
1539 302
867 1796
854 1738
276 676
1280 685
54 403
79 509
20 1479
501 122
683 1024
717 1845
951 1245 38
1147 1311 575
1253 1986 1838
917
712 1714 781
487 67
1036 1873
1492 869
643 1135
1277 1175 499
793 245
935 633
1616 1332
546 189
1745 1206
1917
24 810 413
182 1978
396 155
667 318 525 721
1322 145
515 416 69
1502 1851
1210 1112
1948
434 115
523 405 1887
130 1281
492 587
1565 1961
788
876 1160 616
994 528
1200 1007
594 469
765 1820 367
697 1242 886
776 540
1646 524
429 208
554 1637
305 252
566 1985
321 409
1704 1251
1688 908
1201 553
1086
1180 792
1192 1203 1145
422 1450
1673
1182 458
915
1757 1424
1724 1481
453 650
1812 1623
1829 636
895 1544
360 805
535 674
1550 1092 1639
699 1412
1292 645 1721
1018 863
1485 261
1514 436
1676 1039
159
1900 1921
341 1459
1284 133
706 1247
1026 507 1756
813 312
1830
1520 1522
1786 571 221
962
1365 1406
25 1936 1117
835 1422
754 1432
1089 1782
1449 326
1254
17 1157 1621
1312 928 138
1685 347
1545 1924
558 1142
1425 1023 1568
1816 987
1551 1770
1288 513
110 608
1327 1118 171
901 1584
1483 981
729 229
709 740
430 173
1993 98
132
1852 59 506
1644 1427
1556
1624 482
1489 1443
858 898
952 613 240
1973 62
484
1149 301
327 1144 57
1490 1506
684 1804
1515 780
279 1509
1508 1934
1554 369
969 1295
598 99
677 1912
1635 1947
294 1232
1622 478
1474
881 570
1419 1040
1500 829
1744
1378 451
485 1077
567 1552
1123 1968
627 993
1480 1321
623 1405
1124 351
292 1942
1134 508
946 629
878 1806
904 786
1197 920
1221
1977
1262 1343
1017 622
581 210
1121
1385
1116 1638
289 796 934
536 192
1354 1202
1780 758
1983 1029
1908 1536
317
1615 985
889 1890
404
1875 1127
726 411
1889 415
857 121
1060 961
342 1181
314 1614
339 116
577
214 1338
399 1561
747 332
1070 471
1207
1304
541 355
871 1722
1583 135
1594 204
1138
1753 391
1362 1131
1436
136 1291
1802 1498
1702 791
1044
1814 742
1305 1048
1824 89
1937 333
1164
428 19
1512
1267 771
1920 1781
125 343
1798 474
865 265
1476 1807
207 1028
1582 449
85
68 1475
270 1183
23 1706
27 1368
883 446 1906
1963
1260 807
1308 624
1380 927
939 1137
705 1019
1695 1730
1836
101
998 1370
537 1537
414 953
1750 739
1435 419
389 371
1805 1659
919 1602
1317 124
1152 1315
1373 1012
357 1477
975 727
1458 313
1366 529
604 1954
664 30
394 1337
693 50
1819 1886
1870 1460
696
760 772
818 377
1075
1734 348
778 785
1620 1255
654 1578
1736 1911
1859 1553
1411 1227
157
817 234
1269 14
641 632
441 1418
1965 236
619 1069
1431 1001
1150 1864
853 1263
764 658
702 421
392
359 1309
468
494 1042
1371 896
531 1677
1031
1751 16
1114 1170
1434 1358
1467 1047
1591
625
1433
639
761
104 1827
522 1426
1715 108
828 586
1027 433
783 1581
1033 1451
2 1605
358 502
959 454
1755 1299
1348 1653
1925 824
1701 1000
996 752
491 1165
46
634 1328
1944
70 303
1630
1218 911
1065 49
1240 1212
1025 1999
282 81
1021 1800
1901 500
1409 1763
1511 1487
496 1478
330 1045
495 1926
1684 1235
1428 767
1613 1261
1784 1671
1922 1339
60 701
1196 902
1161
698 947
1310 18
105 1521
141 459
452 1903
648 1727
1868 519
1113 655
801 126
1111 372
872 242
58 924
1974
795 1270
589 1250
1391 1793
1988 572
714 870
268 1856
400 1869
893 1199
1081 1898
52 1119
1567 1577
1981 694
568 1678
1609 1347
1363 275
680 1631
1326
1345
253 461
966
269 559
1572 1994
1155
862 1524
185
1488
1438 233
1167 1766
455 1258
1789 1011
1777
751 1811
775 119
100 580
1349
1237
593 517
948
1246 1860
1248 1636
1752 960
439 1771
90 1049
271 82
291
1159 1960
181 930
1909 1336
277
222 128
1314 248
225 149
1611
514 1883
1893
94
1558 912
36
1846 659
1580 498
1719
1276 274
218
1274 1733
1930 1146
1055 1835
480
1872
1195 815
1640
1266 297
843 1301
1797
784 97
545 1958
1549 1698
258 1414
590 1787
1059 649
1987 113
1674 1143
72 750
153
1888 1713
1445 198
374 22
651 191
349 148
1918 315
521 534
167 1394
1463
1493 378
1162 93
1387 1379
66 663
884 1946
466 1225
894 1447
1186 635
769
1788
1062 673
1346 432
472 1533
1331
1278
661 1126
1073 431
977 180
1318 900
386
288 646
601 532
1739
1531 1651
603 665
1939 335
688
728 942
1589
1067 1878
1569 756
195 850
1395 1842
503
112 462
1038
660 565
1952 657
583 860
812 1030
247
1783 1762
1423
1035 165
1156 724
743 1004
1632 1228
152 1964
217 679
1072 1966
319 1293
123 1009
505 1691
1283 653
823 223
1176 1945
1843
1499 618
228 1507
1110 306
160 845
979
851 1091
1457 588
352 41
1837 555
156 1953
964 146
151
1682 320
1742
316 746
822 1778
856
1697
489
1731
380 1191
1641 1275
971 278
1854
1344 1834
178 1989
118
186 932
310 997
1080
1190 1795
437
172 154
1120
704 1472
1230
134
1287 707
695 365
543 1083
1208
1329 1598
1741 1163
1877 264
802 1002
144 1791
486 859
954
423
6
918 1173
1241 678
1574 445
1774 718
45 1725
560 1754
91
925 460
1453 716
711 1726
1526 209
1593
382
64 847
578 283
995 1396
1376 87
1592 323
1174 1825
1205 1619
1995 1053
84
1300 1871
1848 401
238 1357
1177 370
35 1998
1882
1256 376
1938
914
267 1969
733 1372
530 244
821 249
550 1194
1655 1392
443 539
1740 1815
1990 1109
331 607
1268 671
1330 194
1566 944
1519 999
585 1628
1169
1078 1992
1667 1899
956
1693 363
600
1056 983
412 1439
1115 1996
1513
379 1670
816 806
114 1209
861 346
1333 1557
187 1486
163 681
732
179 1122
1858 662
1307
940 808
220 1236
251
497 1
887 556
329 972
1369
1052
285
819
1610
196
1560 1501
175 1768
447 1383
1090 456
957 1320
1187
457 597
1010 131
137 916
1296 855
1601 826
879 1041
549
440 483
730
1302
239
28
1879 1350
324
1975
569
1223 284
1700
831 1104
1849 1525
1249 1728
259 1448
1588
1799
1469
958
941
1286
142 1548
913
212
311 406
803 656
1303 1705
1397
127
973 164
1617 193
1703
1681 1905
809
1672 1006
595 334
280 1139
1518
1562 512
945
1865
1971 345
614
592
1185
1099
227
201
1193
1892 1984
1020
774
1016 892
350 1951
235
1446 1844
109 1957
206 1649
978
617 1107
11
672 309
1979 1891
1386 1718
1198 1962
1540 1074
1767 262
1098
1599
1927
1257
1356
224 1717
1184
1461
749
1902
65 1822
511
298
1188
1914
3
1037 1384
10
470
1758
184
723
1970
1360
1168
1769
1079 1063
226
1563
1400 143
670 547
703 1932
1497 1675
691
526
542
1633 1710
1231
272 246
1444 936
880 295
974
1413
1504 15
637 1404
638
1204
1696
1748
1141
230 1907
1214 504
799 789
986 213
1779 373
205 700
686 890
1808
337
844 976
1407
1853 232
63
763
1015
921
527
1335
825
1393 183
1699
61 1929
287
174
168
1388
1046
161 682
955 1629
1884 188
448
1654
1972
1928
762
33
1239 1361
354
32
1290
1003 139
738 190
965 652
1600
926 1313
832 1831
1005
1243
1238
1606
211 675
731
366
596
905
56
1857
1341
1555
611
299
1608
147
599
737
76 1817
5
1465
837
1377
361
325
1211
1220
1437
1410
1656
256
322 1612
1429
755
548
1785
